a <-c(1,2,3,4,5)
b <- c(4,5,6,7,8)
a + b
